Node Number	Topology Density ( )
1	0.1391
2	0.99545
3	0.32882
4	0.69173
5	0.95764
6	0.99903
7	1.
8	1.
9	1.
10	1.
11	1.
12	6.5005e-002
13	0.90597
14	0.68241
15	0.2543
16	2.4821e-005
17	6.1883e-002
18	4.4014e-003
19	1.1657e-002
20	0.
21	0.
22	0.
23	0.
24	1.
25	3.714e-002
26	0.22633
27	0.68022
28	0.965
29	1.
30	1.
31	1.
32	0.99204
33	1.
34	1.
35	1.
36	1.
37	1.
38	1.
39	1.
40	1.
41	1.
42	1.
43	1.
44	1.
45	1.
46	1.
47	0.
48	0.98021
49	0.83152
50	0.36372
51	2.6385e-002
52	0.
53	0.
54	0.
55	0.
56	0.
57	1.3217e-003
58	6.4532e-002
59	1.1213e-004
60	0.
61	0.
62	0.
63	0.
64	0.14384
65	6.8029e-002
66	9.6728e-004
67	0.
68	0.99898
69	0.96827
70	0.75482
71	0.35925
72	1.
73	1.
74	1.
75	1.
76	1.
77	1.
78	1.
79	1.
80	1.
81	0.99698
82	1.
83	1.
84	7.2977e-002
85	0.27819
86	0.70212
87	0.85651
88	0.
89	7.108e-007
90	1.821e-003
91	6.3759e-002
92	0.
93	0.
94	0.
95	0.
96	1.
97	0.96852
98	0.75917
99	0.38708
100	4.0788e-002
101	1.
102	1.
103	1.
104	0.99033
105	1.
106	1.
107	1.
108	1.
109	1.
110	1.
111	1.
112	1.
113	1.
114	1.
115	1.
116	1.
117	1.
118	1.
119	2.6391e-002
120	0.21243
121	0.61846
122	0.94841
123	1.
124	1.
125	1.
126	1.
127	1.
128	1.
129	1.
130	1.
131	1.
132	1.
133	1.
134	0.86533
135	0.73644
136	0.99957
137	0.99393
138	0.64111
139	0.79423
140	0.81279
141	0.28715
142	1.
143	0.95316
144	0.79249
145	0.89519
146	0.78837
147	0.707
148	0.21081
149	0.99117
150	1.
151	0.90741
152	0.24548
153	0.99109
154	0.33399
155	0.94559
156	0.21879
157	0.17124
158	0.44803
159	1.
160	0.26397
161	7.2111e-003
162	0.79935
163	0.24637
164	0.24835
165	0.89283
166	0.76257
167	0.4728
168	1.
169	1.
170	0.81345
171	0.99991
172	1.
173	0.90729
174	0.27632
175	0.74082
176	0.37847
177	0.88308
178	0.41554
179	0.72626
180	0.81604
181	0.99694
182	0.94752
183	0.55291
184	0.97943
185	1.
186	0.76452
187	0.1552
188	0.28265
189	0.76997
190	0.37536
191	0.24874
192	0.19318
193	0.87949
194	0.94888
195	0.80003
196	4.9421e-003
197	0.90283
198	0.87347
199	6.8154e-002
200	2.9496e-002
201	0.39337
202	0.99954
203	0.99652
204	0.78075
205	0.98088
206	1.5086e-002
207	0.55432
208	1.
209	0.23396
210	0.10182
211	0.10604
212	0.20865
213	0.97655
214	0.99773
215	0.99622
216	0.99773
217	0.88271
218	0.99749
219	0.51028
220	0.19667
221	0.3035
222	0.51547
223	0.28878
224	0.82469
225	0.69692
226	0.77412
227	0.73085
228	0.47024
229	0.97731
230	0.90708
231	0.86381
232	0.99951
233	0.9525
234	0.999
235	0.98365
236	0.99951
237	0.90753
238	1.
239	0.99849
240	1.
241	1.
242	1.
243	1.
244	1.
245	0.99996
246	1.
247	0.99977
248	1.
249	1.
250	1.
251	1.
252	1.
253	1.
254	0.99996
255	1.
256	0.99847
257	0.99977
258	1.
259	1.
260	1.
261	0.99978
262	0.99697
263	1.
264	1.
265	0.99847
266	0.98972
267	1.
268	1.
269	1.
270	0.99978
271	1.
272	1.
273	0.98972
274	0.99949
275	1.
276	1.
277	1.
278	0.99978
279	0.97658
280	1.
281	0.90802
282	0.98972
283	0.15965
284	6.3444e-002
285	0.10442
286	6.6517e-002
287	0.79419
288	0.93712
289	0.83039
290	0.80648
291	0.861
292	0.64066
293	0.46836
294	0.71862
295	0.52083
296	0.69471
297	0.47319
298	0.52889
299	0.15809
300	0.19907
301	0.16116
302	0.30677
303	0.25913
304	0.31483
305	5.8409e-003
306	1.2411e-005
307	6.8474e-005
308	1.2411e-005
309	8.563e-002
310	0.13817
311	2.4835e-003
312	3.4089e-002
313	3.3142e-002
314	6.4956e-002
315	3.1425e-002
316	0.16293
317	0.21862
318	8.0291e-003
319	2.6843e-003
320	2.2007e-003
321	0.13419
322	0.18988
323	5.8845e-003
324	5.8284e-003
325	9.1446e-002
326	0.13782
327	0.14399
328	0.19351
329	0.
330	1.857e-002
331	0.
332	1.3196e-002
333	0.
334	0.
335	0.
336	2.4711e-003
337	0.
338	0.
339	0.
340	3.6056e-003
341	2.4711e-003
342	1.4748e-002
343	1.857e-002
344	0.
345	0.
346	1.3196e-002
347	1.4748e-002
348	0.9825
349	1.
350	1.
351	0.13173
352	3.1765e-002
353	0.12479
354	3.3318e-002
355	0.45327
356	0.21938
357	0.42239
358	0.23734
359	0.25449
360	0.12791
361	0.82261
362	0.64934
363	0.81431
364	0.73978
365	0.46428
366	0.48143
367	0.74013
368	0.9825
369	0.9825
370	0.95671
371	0.88218
372	0.88252
373	1.
374	0.99011
375	1.
376	1.
377	1.
378	1.
379	1.
380	1.
381	1.
382	0.9742
383	0.89967
384	0.90001
385	0.99602
386	1.
387	0.99516
388	0.90001
389	0.99602
390	0.99118
391	0.99602
392	0.87731
393	0.89604
394	0.94744
395	1.
396	1.
397	1.
398	0.95142
399	1.
400	1.
401	0.90639
402	0.94154
403	0.95142
404	1.
405	1.
406	1.
407	1.
408	0.90639
409	0.95371
410	0.94154
411	1.
412	1.
413	1.
414	0.95371
415	0.94154
416	1.
417	1.
418	1.
419	1.
420	1.
421	1.
422	1.
423	1.
424	0.97376
425	1.
426	1.
427	1.
428	1.
429	1.
430	1.
431	0.97376
432	1.
433	1.
434	1.
435	0.97376
436	0.93974
437	1.
438	1.
439	0.93974
440	1.
441	1.
442	1.
443	0.89712
444	0.94642
445	0.87041
446	0.93974
447	1.
448	1.
449	1.
450	0.89712
451	0.87041
452	1.
453	1.
454	1.
455	0.89712
456	0.89625
457	0.87041
458	0.86313
459	1.
460	1.
461	1.
462	0.89625
463	0.90672
464	0.86313
465	0.89037
466	0.99011
467	1.
468	1.
469	0.90672
470	0.89037
471	1.
472	1.3193e-002
473	0.
474	0.
475	0.
476	0.90587
477	0.99011
478	0.97436
479	0.88048
480	0.99011
481	0.59762
482	0.90002
483	0.79535
484	0.80613
485	0.19505
486	0.56145
487	0.3754
488	0.20225
489	0.30504
490	0.27845
491	0.57223
492	1.3193e-002
493	1.3193e-002
494	1.3193e-002
495	3.3586e-002
496	0.13638
497	0.10978
498	0.
499	0.
500	0.
501	3.554e-007
502	0.10541
503	0.12274
504	0.12319
505	7.76e-002
506	9.6592e-002
507	7.5429e-003
508	0.
509	0.
510	0.
511	0.12319
512	9.6592e-002
513	0.
514	0.
515	0.
516	0.12319
517	9.6592e-002
518	0.
519	0.
520	0.12319
521	9.6592e-002
522	6.6087e-004
523	3.554e-007
524	9.105e-004
525	0.12437
526	7.5429e-003
527	3.2927e-002
528	1.5714e-003
529	3.254e-002
530	0.12503
531	6.8755e-002
532	0.17136
533	6.4146e-002
534	0.15664
535	5.6063e-005
536	5.6063e-005
537	0.10945
538	8.5674e-002
539	3.6616e-003
540	2.5271e-003
541	3.4133e-002
542	0.
543	1.3196e-002
544	0.
545	3.6056e-003
546	2.4711e-003
547	0.
548	3.6056e-003
549	2.4711e-003
550	1.3196e-002
551	3.6056e-003
552	1.4748e-002
553	0.10594
554	0.25155
555	3.4498e-002
556	0.21364
557	0.166
558	4.8364e-004
559	0.13247
560	8.5618e-002
561	0.13199
562	0.98363
563	0.99949
564	0.99949
565	0.99927
566	0.97607
567	0.85299
568	0.99949
569	0.90751
570	0.86155
571	0.83764
572	0.89216
573	0.55704
574	0.73091
575	0.5094
576	0.31161
577	1.
578	1.
579	1.
580	1.
581	1.
582	1.
583	1.
584	1.
585	1.
586	1.
587	1.
588	1.
589	1.
590	1.
591	1.
592	1.
593	1.
594	1.
595	1.
596	1.
597	1.
598	1.
599	1.
600	1.
601	1.
602	1.
603	1.
604	1.
605	1.
606	1.
607	1.
608	1.
609	1.
610	1.
611	1.
612	1.
613	1.
614	1.
615	0.99849
616	0.92675
617	0.99849
618	0.89267
619	0.99849
620	0.99845
621	0.88348
622	0.99826
623	1.
624	1.
625	1.
626	1.
627	1.
628	1.
629	1.
630	1.
631	1.
632	0.17558
633	6.8368e-002
634	0.49015
635	0.17097
636	0.30609
637	0.26346
638	0.77931
639	0.51806
640	0.73604
641	0.47543
642	0.82244
643	0.59525
644	0.81324
645	3.554e-007
646	0.
647	0.10541
648	0.12274
649	0.12319
650	9.1086e-004
651	0.10541
652	0.167
653	0.12437
654	7.5433e-003
655	3.279e-002
656	0.16791
657	0.12528
658	0.19888
659	0.15625
660	0.
661	2.0394e-002
662	0.
663	2.0394e-002
664	0.12319
665	0.
666	0.12319
667	0.12319
668	0.98426
669	1.
670	1.
671	0.86384
672	0.98426
673	0.89098
674	0.87463
675	0.98426
676	0.57312
677	0.78631
678	0.76996
679	0.21393
680	0.31672
681	0.60026
682	0.58391
683	0.14358
684	1.
685	0.9742
686	1.
687	0.9742
688	0.89967
689	0.99516
690	0.89967
691	0.90001
692	0.99516
693	0.89484
694	0.87645
695	0.89518
696	1.
697	0.90639
698	0.88129
699	0.95142
700	1.
701	0.90639
702	0.95142
703	1.
704	0.90639
705	0.95371
706	1.
707	0.95371
708	1.
709	1.
710	0.95371
711	1.
712	1.
713	1.
714	1.
715	1.
716	0.9476
717	0.97376
718	1.
719	0.9476
720	0.94642
721	0.97376
722	0.93974
723	1.
724	0.94642
725	0.93974
726	1.
727	0.89712
728	0.94642
729	1.
730	0.89712
731	1.
732	0.89712
733	0.89625
734	1.
735	0.89625
736	0.90672
737	0.90672
738	1.
739	0.11941
740	1.6801e-002
741	0.13737
742	2.7944e-002
743	0.41545
744	0.23039
745	0.12096
746	0.78343
747	0.7089
748	0.4334
749	0.87388
750	1.
751	1.
752	1.
753	1.
754	1.
755	1.
756	1.
757	1.
758	1.
759	1.
760	1.
761	1.
762	1.
763	1.
764	1.
765	1.
766	1.
767	1.
768	1.
769	1.
770	1.
771	1.
772	1.
773	0.75322
774	0.93266
775	0.92825
776	0.88637
777	0.90546
778	0.66906
779	0.81492
780	0.8694
781	0.62935
782	0.93092
783	0.9231
784	0.81581
785	0.7624
786	0.47363
787	0.8638
788	0.86376
789	0.59223
790	0.82186
791	0.57599
792	0.64467
793	0.84266
794	0.99675
795	0.97636
796	0.99978
797	0.99978
798	0.99978
799	0.9895
800	0.97355
801	0.99251
802	0.96976
803	0.99697
804	0.99692
805	0.99543
806	0.98668
807	0.98741
808	0.79714
809	0.67406
810	0.79335
811	0.40617
812	0.55696
813	0.45872
814	0.72858
815	0.70282
816	0.51724
817	0.79336
818	0.51986
819	0.62113
820	0.84353
821	0.76753
822	0.8601
823	0.51579
824	0.78768
825	0.6428
826	0.84793
827	0.85781
828	0.68355
829	0.25297
830	0.14718
831	0.54325
832	0.26775
833	0.52486
834	0.33281
835	0.2849
836	0.54359
837	0.14605
838	0.9476
839	0.99558
840	0.95371
841	0.97376
842	1.
843	0.93673
844	0.99826
845	0.83008
846	0.94938
847	0.8846
848	0.9663
849	0.85884
850	0.51899
851	0.51943
852	0.80297
853	0.76666
854	0.75937
855	0.78662
856	0.94318
857	0.67161
858	0.89401
859	0.90124
860	0.92136
861	0.72405
862	0.88734
863	0.49959
864	0.88973
865	0.56118
866	0.89414
867	0.60195
868	0.77917
869	0.86863
870	0.89395
871	0.43912
872	0.48548
873	0.49166
874	0.76152
875	0.54118
876	0.22815
877	0.2724
878	0.32942
879	0.31318
880	0.38186
881	0.18301
882	0.11295
883	0.99113
884	0.96838
885	0.94923
886	0.96934
887	0.99384
888	0.98602
889	1.
890	1.
891	0.99996
892	1.
893	0.69011
894	0.89525
895	0.95371
896	0.89044
897	0.34675
898	0.24593
899	0.49315
900	0.48587
901	0.20034
902	0.21933
903	0.96834
904	0.9955
905	0.94919
906	0.99401
907	0.96999
908	0.98598
909	0.37477
910	0.55198
911	0.29137
912	0.17454
913	0.96251
914	0.85506
915	0.96324
916	0.19501
917	0.113
918	0.49068
919	0.3458
920	0.24756
921	0.29863
922	0.11187
923	0.14347
924	0.30608
925	0.38656
926	0.2176
927	0.32202
928	0.22378
929	0.2733
930	0.11969
931	0.67043
932	0.59442
933	0.50047
934	0.30161
935	0.66376
936	1.
937	1.
938	1.
939	0.31967
940	0.12778
941	0.14493
942	6.0766e-003
943	1.8354e-002
944	0.52385
945	0.78096
946	0.541
947	0.79969
948	0.52991
949	0.48632
950	0.21978
951	0.51356
952	0.2655
953	0.13892
954	0.81683
955	0.88616
956	0.57052
957	0.7813
958	0.8327
959	0.65845
960	0.37456
961	0.67794
962	0.67314
963	0.43309
964	0.51356
965	0.99996
966	0.99847
967	0.7971
968	0.90672
969	0.99842
970	0.9744
971	0.99973
972	0.66141
973	0.95211
974	0.9274
975	0.7301
976	0.92809
977	0.95191
978	0.94408
979	0.54618
980	0.52042
981	0.32584
982	0.17224
983	0.33485
984	0.73354
985	0.64686
986	0.44801
987	0.81015
988	0.33056
989	0.58925
990	0.19171
991	0.64065
992	0.22331
993	0.4664
994	0.94154
995	0.89296
996	0.87827
997	0.63822
998	0.7187
999	0.48422
1000	0.28537
1001	0.59276
1002	0.33214
1003	0.68221
1004	0.21531
1005	0.44073
1006	0.45972
1007	0.7535
1008	0.89774
1009	0.79028
1010	0.5957
1011	0.98819
1012	0.97291
1013	0.99824
1014	0.98891
1015	0.75021
1016	0.97376
1017	0.9135
1018	0.97202
1019	0.35405
1020	0.7162
1021	0.87198
1022	0.98016
1023	0.93673
1024	0.99826
1025	0.81899
1026	0.57895
1027	0.8727
1028	0.17419
1029	8.5143e-002
1030	0.54134
1031	0.1438
1032	0.15607
1033	0.50936
1034	0.85943
1035	0.88476
1036	0.13191
1037	0.48696
1038	0.97421
1039	0.85143
1040	3.6548e-002
1041	1.7219e-002
1042	0.72858
1043	0.63342
1044	0.93499
1045	0.92717
1046	0.23076
1047	0.31124
1048	0.47385
1049	0.9887
1050	0.89037
